DeathLocation:(9.247818,2.305936,-0.06494085):(1,0,0,0.4)
DeathLocation:(0.3388985,5.568031,-0.06494085):(1,0,0,0.4)
DeathLocation:(19.06009,0.3703612,-0.06494085):(1,0,0,0.4)
DeathLocation:(19.10693,0.3703614,-0.06494085):(1,0,0,0.4)
