StaminaLocation:(10.26079,-1.959656,0.01199218):(0,0,1,0.4)
StaminaLocation:(21.85691,-0.7796276,0.01199218):(0,0,1,0.4)
