StaminaLocation:(45.62541,5.470454,-0.06494085):(0,0,1,0.4)
DeathLocation:(7.167235,4.210361,-0.06494085):(1,0,0,0.4)
StaminaLocation:(44.92855,5.470572,-0.06494085):(0,0,1,0.4)
StaminaLocation:(16.88261,2.922596,-0.06494085):(0,0,1,0.4)
