DeathLocation:(38.98167,1.020144,-0.06494085):(1,0,0,0.4)
StaminaLocation:(45.15306,5.470572,-0.06494085):(0,0,1,0.4)
DeathLocation:(31.54,0.4557097,-0.06494085):(1,0,0,0.4)
StaminaLocation:(45.46078,5.470574,-0.06494085):(0,0,1,0.4)
StaminaLocation:(17.36152,2.914388,-0.06494085):(0,0,1,0.4)
StaminaLocation:(8.428944,4.190754,-0.06494085):(0,0,1,0.4)
