DeathLocation:(1.015526,-2.699512,-0.06494085):(1,0,0,0.4)
StaminaLocation:(17.01353,0.3505764,-0.06494085):(0,0,1,0.4)
