StaminaLocation:(11.34106,-1.959434,0.01199218):(0,0,1,0.4)
StaminaLocation:(21.45372,-0.7796221,0.01199218):(0,0,1,0.4)
StaminaLocation:(37.29195,-0.7797806,0.01199218):(0,0,1,0.4)
