DeathLocation:(25.59522,-5.500041,0.01199218):(1,0,0,0.4)
StaminaLocation:(21.74103,-0.7794139,0.01199218):(0,0,1,0.4)
DeathLocation:(31.92761,-4.790073,0.01199218):(1,0,0,0.4)
StaminaLocation:(20.87185,-0.7794322,0.01199218):(0,0,1,0.4)
StaminaLocation:(23.79555,-1.298179,0.01199218):(0,0,1,0.4)
DeathLocation:(27.19993,-5.499572,0.01199218):(1,0,0,0.4)
StaminaLocation:(21.26759,-0.7794234,0.01199218):(0,0,1,0.4)
